98
74
227
85
83
236
252
132
199
106
133
57
87
48
112
226
153
123
14
221
235
253
150
165
192
181
146
230
162
48
62
143
196
204
64
62
72
2
27
153
11
62
254
4
126
232
142
147
149
179
138
232
212
62
163
76
78
226
82
253
11
244
136
137
23
79
130
239
65
4
45
92
93
136
148
73
101
111
82
87
214
101
206
75
57
136
91
2
245
204
192
249
140
148
237
206
254
147
233
69
140
9
78
181
28
225
149
14
235
250
170
134
60
44
191
35
85
195
203
230
122
199
120
19
164
12
252
7
238
108
73
136
106
27
118
67
215
208
85
57
103
51
39
136
207
21
155
44
85
219
102
227
168
54
48
94
73
177
84
93
129
131
3
67
170
47
169
29
126
91
126
179
210
53
229
61
41
126
199
154
77
110
26
167
53
254
147
201
34
214
194
254
189
161
19
230
135
216
134
72
24
9
152
217
56
191
55
44
37
25
253
97
129
32
48
36
91
251
162
9
26
232
206
124
130
228
233
213
111
161
186
72
234
162
111
91
50
250
135
114
218
213
73
41
180
87
242
226
233
115
136
140
224
133
247
205
248
4
135
54
223
173
158
37
38
85
4
170
56
56
119
76
74
75
202
106
26
66
151
201
43
70
195
113
170
63
161
5
97
87
9
244
212
118
96
78
73
221
78
53
185
